contrasting binding residues
residue	ADNA	BDNA	ssDNA	mRNA	tRNA	rRNA
A	-0.584774	-0.358371	-0.538054	-0.630339	-0.512748	-0.276050
C	-0.610469	-0.582911	-0.922252	0.118319	-0.914330	-0.898042
D	-0.635344	-0.638790	-0.232381	-0.438524	-0.007079	-0.421531
E	-0.685754	-0.644207	-0.518028	-0.499166	-0.062908	-0.633466
F	-0.405990	-0.224817	0.827732	0.993799	-0.085922	-0.431606
G	-0.136395	-0.134835	-0.003718	-0.041843	-0.031923	0.437026
H	0.522666	0.305649	0.591750	0.240140	0.675189	0.586372
I	-0.520435	-0.371002	-0.096502	-0.247261	-0.495003	-0.547081
K	1.777479	1.276613	0.843129	0.666193	0.487030	1.414453
L	-0.622408	-0.648669	-0.494170	-0.605298	-0.534118	-0.643655
M	-0.505048	-0.263137	-0.134845	0.068610	0.364418	-0.303954
N	0.730835	0.599159	0.498708	0.936786	-0.061187	0.375722
P	-0.573296	-0.555713	-0.446516	-0.347491	-0.447372	-0.033106
Q	0.547951	0.049863	-0.194366	0.177033	0.053386	-0.068592
R	1.970809	2.691825	1.385483	1.555237	2.487657	2.415725
S	-0.061078	-0.114731	-0.185607	-0.177398	-0.181279	-0.150129
T	0.389478	0.185189	0.233523	-0.399851	-0.028277	-0.115965
V	-0.498966	-0.501913	-0.377162	-0.546746	-0.544449	-0.445286
W	1.162156	0.212535	0.872882	0.228937	-0.120664	-0.119151
Y	0.473600	1.098842	0.859674	1.686246	1.055258	-0.010003