 1 M  0.1222 0.0733 0.0967 0.3744 -0.2911 0.7244 -0.0011
 2 D  -0.2367 -0.4633 -0.3122 -0.8522 -1.0000 -0.1722 -0.7056
 3 E  -0.2556 -0.2678 -0.0644 -0.7733 -0.9644 1.0000 -0.6467
 4 I  1.0000 -0.0733 -0.0100 0.7244 -0.2067 0.1722 0.7644
 5 L  0.2367 -0.0733 -0.0100 0.6622 -0.2067 0.7933 -0.0589
 6 A  -0.3889 -0.7556 -0.7522 -0.1900 -0.1889 1.0000 -0.5289
 7 R  0.1167 0.4144 0.5178 -1.0000 1.0000 0.5867 -0.4122
 8 A  -0.3889 -0.7556 -0.7522 -0.1900 -0.1889 1.0000 -0.5289
 9 G  -1.0000 -1.0000 -1.0000 -0.3800 -0.1989 -1.0000 -1.0000
 10 I  1.0000 -0.0733 -0.0100 0.7244 -0.2067 0.1722 0.7644
 11 F  0.4033 0.4144 0.4578 0.7178 -0.3022 0.1722 0.3533
 12 Q  -0.2556 -0.1222 -0.0222 -0.5156 -0.3067 0.5867 -0.4122
 13 G  -1.0000 -1.0000 -1.0000 -0.3800 -0.1989 -1.0000 -1.0000
 14 V  0.7522 -0.3167 -0.2578 0.3678 -0.2122 -0.0344 1.0000
 15 E  -0.2556 -0.2678 -0.0644 -0.7733 -0.9644 1.0000 -0.6467
 16 P  0.2744 -1.0000 -0.3267 0.0611 -0.0111 -1.0000 0.1178
 17 S  -0.3744 -0.7078 -0.6044 -0.4044 -0.2944 -0.5178 -0.2356
 18 A  -0.3889 -0.7556 -0.7522 -0.1900 -0.1889 1.0000 -0.5289
 19 I  1.0000 -0.0733 -0.0100 0.7244 -0.2067 0.1722 0.7644
 20 A  -0.3889 -0.7556 -0.7522 -0.1900 -0.1889 1.0000 -0.5289
 21 A  -0.3889 -0.7556 -0.7522 -0.1900 -0.1889 1.0000 -0.5289
 22 L  0.2367 -0.0733 -0.0100 0.6622 -0.2067 0.7933 -0.0589
 23 T  0.4467 -0.4633 -0.3567 -0.2211 -0.3200 -0.4478 0.2356
 24 K  -0.0978 0.0733 0.1811 -0.9878 0.8078 0.3100 -0.2944
 25 Q  -0.2556 -0.1222 -0.0222 -0.5156 -0.3067 0.5867 -0.4122
 26 L  0.2367 -0.0733 -0.0100 0.6622 -0.2067 0.7933 -0.0589
 27 Q  -0.2556 -0.1222 -0.0222 -0.5156 -0.3067 0.5867 -0.4122
 28 P  0.2744 -1.0000 -0.3267 0.0611 -0.0111 -1.0000 0.1178
 29 V  0.7522 -0.3167 -0.2578 0.3678 -0.2122 -0.0344 1.0000
 30 D  -0.2367 -0.4633 -0.3122 -0.8522 -1.0000 -0.1722 -0.7056
 31 F  0.4033 0.4144 0.4578 0.7178 -0.3022 0.1722 0.3533
 32 P  0.2744 -1.0000 -0.3267 0.0611 -0.0111 -1.0000 0.1178
 33 R  0.1167 0.4144 0.5178 -1.0000 1.0000 0.5867 -0.4122
 34 G  -1.0000 -1.0000 -1.0000 -0.3800 -0.1989 -1.0000 -1.0000
 35 H  0.4267 0.1222 0.1533 -0.3011 0.2167 -0.0344 -0.1178
 36 T  0.4467 -0.4633 -0.3567 -0.2211 -0.3200 -0.4478 0.2356
 37 V  0.7522 -0.3167 -0.2578 0.3678 -0.2122 -0.0344 1.0000
 38 F  0.4033 0.4144 0.4578 0.7178 -0.3022 0.1722 0.3533
 39 A  -0.3889 -0.7556 -0.7522 -0.1900 -0.1889 1.0000 -0.5289
 40 E  -0.2556 -0.2678 -0.0644 -0.7733 -0.9644 1.0000 -0.6467
 41 G  -1.0000 -1.0000 -1.0000 -0.3800 -0.1989 -1.0000 -1.0000
 42 E  -0.2556 -0.2678 -0.0644 -0.7733 -0.9644 1.0000 -0.6467
 43 P  0.2744 -1.0000 -0.3267 0.0611 -0.0111 -1.0000 0.1178
 44 G  -1.0000 -1.0000 -1.0000 -0.3800 -0.1989 -1.0000 -1.0000
 45 D  -0.2367 -0.4633 -0.3122 -0.8522 -1.0000 -0.1722 -0.7056
 46 R  0.1167 0.4144 0.5178 -1.0000 1.0000 0.5867 -0.4122
 47 L  0.2367 -0.0733 -0.0100 0.6622 -0.2067 0.7933 -0.0589
 48 Y  0.4033 0.4633 0.6011 0.2089 -0.3044 -0.1722 0.5289
 49 I  1.0000 -0.0733 -0.0100 0.7244 -0.2067 0.1722 0.7644
 50 I  1.0000 -0.0733 -0.0100 0.7244 -0.2067 0.1722 0.7644
 51 I  1.0000 -0.0733 -0.0100 0.7244 -0.2067 0.1722 0.7644
 52 S  -0.3744 -0.7078 -0.6044 -0.4044 -0.2944 -0.5178 -0.2356
 53 G  -1.0000 -1.0000 -1.0000 -0.3800 -0.1989 -1.0000 -1.0000
 54 K  -0.0978 0.0733 0.1811 -0.9878 0.8078 0.3100 -0.2944
 55 V  0.7522 -0.3167 -0.2578 0.3678 -0.2122 -0.0344 1.0000
 56 K  -0.0978 0.0733 0.1811 -0.9878 0.8078 0.3100 -0.2944
 57 I  1.0000 -0.0733 -0.0100 0.7244 -0.2067 0.1722 0.7644
 58 G  -1.0000 -1.0000 -1.0000 -0.3800 -0.1989 -1.0000 -1.0000
 59 R  0.1167 0.4144 0.5178 -1.0000 1.0000 0.5867 -0.4122
 60 R  0.1167 0.4144 0.5178 -1.0000 1.0000 0.5867 -0.4122
 61 A  -0.3889 -0.7556 -0.7522 -0.1900 -0.1889 1.0000 -0.5289
 62 P  0.2744 -1.0000 -0.3267 0.0611 -0.0111 -1.0000 0.1178
 63 D  -0.2367 -0.4633 -0.3122 -0.8522 -1.0000 -0.1722 -0.7056
 64 G  -1.0000 -1.0000 -1.0000 -0.3800 -0.1989 -1.0000 -1.0000
 65 R  0.1167 0.4144 0.5178 -1.0000 1.0000 0.5867 -0.4122
 66 E  -0.2556 -0.2678 -0.0644 -0.7733 -0.9644 1.0000 -0.6467
 67 N  -0.2367 -0.3656 -0.2700 -0.7489 -0.0833 -0.4478 -0.5878
 68 L  0.2367 -0.0733 -0.0100 0.6622 -0.2067 0.7933 -0.0589
 69 L  0.2367 -0.0733 -0.0100 0.6622 -0.2067 0.7933 -0.0589
 70 T  0.4467 -0.4633 -0.3567 -0.2211 -0.3200 -0.4478 0.2356
 71 I  1.0000 -0.0733 -0.0100 0.7244 -0.2067 0.1722 0.7644
 72 M  0.1222 0.0733 0.0967 0.3744 -0.2911 0.7244 -0.0011
 73 G  -1.0000 -1.0000 -1.0000 -0.3800 -0.1989 -1.0000 -1.0000
 74 P  0.2744 -1.0000 -0.3267 0.0611 -0.0111 -1.0000 0.1178
 75 S  -0.3744 -0.7078 -0.6044 -0.4044 -0.2944 -0.5178 -0.2356
 76 D  -0.2367 -0.4633 -0.3122 -0.8522 -1.0000 -0.1722 -0.7056
 77 M  0.1222 0.0733 0.0967 0.3744 -0.2911 0.7244 -0.0011
 78 F  0.4033 0.4144 0.4578 0.7178 -0.3022 0.1722 0.3533
 79 G  -1.0000 -1.0000 -1.0000 -0.3800 -0.1989 -1.0000 -1.0000
 80 E  -0.2556 -0.2678 -0.0644 -0.7733 -0.9644 1.0000 -0.6467
 81 L  0.2367 -0.0733 -0.0100 0.6622 -0.2067 0.7933 -0.0589
 82 S  -0.3744 -0.7078 -0.6044 -0.4044 -0.2944 -0.5178 -0.2356
 83 I  1.0000 -0.0733 -0.0100 0.7244 -0.2067 0.1722 0.7644
 84 F  0.4033 0.4144 0.4578 0.7178 -0.3022 0.1722 0.3533
 85 D  -0.2367 -0.4633 -0.3122 -0.8522 -1.0000 -0.1722 -0.7056
 86 P  0.2744 -1.0000 -0.3267 0.0611 -0.0111 -1.0000 0.1178
 87 G  -1.0000 -1.0000 -1.0000 -0.3800 -0.1989 -1.0000 -1.0000
 88 P  0.2744 -1.0000 -0.3267 0.0611 -0.0111 -1.0000 0.1178
 89 R  0.1167 0.4144 0.5178 -1.0000 1.0000 0.5867 -0.4122
 90 T  0.4467 -0.4633 -0.3567 -0.2211 -0.3200 -0.4478 0.2356
 91 S  -0.3744 -0.7078 -0.6044 -0.4044 -0.2944 -0.5178 -0.2356
 92 S  -0.3744 -0.7078 -0.6044 -0.4044 -0.2944 -0.5178 -0.2356
 93 A  -0.3889 -0.7556 -0.7522 -0.1900 -0.1889 1.0000 -0.5289
 94 T  0.4467 -0.4633 -0.3567 -0.2211 -0.3200 -0.4478 0.2356
 95 T  0.4467 -0.4633 -0.3567 -0.2211 -0.3200 -0.4478 0.2356
 96 I  1.0000 -0.0733 -0.0100 0.7244 -0.2067 0.1722 0.7644
 97 T  0.4467 -0.4633 -0.3567 -0.2211 -0.3200 -0.4478 0.2356
 98 E  -0.2556 -0.2678 -0.0644 -0.7733 -0.9644 1.0000 -0.6467
 99 V  0.7522 -0.3167 -0.2578 0.3678 -0.2122 -0.0344 1.0000
 100 R  0.1167 0.4144 0.5178 -1.0000 1.0000 0.5867 -0.4122
 101 A  -0.3889 -0.7556 -0.7522 -0.1900 -0.1889 1.0000 -0.5289
 102 V  0.7522 -0.3167 -0.2578 0.3678 -0.2122 -0.0344 1.0000
 103 S  -0.3744 -0.7078 -0.6044 -0.4044 -0.2944 -0.5178 -0.2356
 104 M  0.1222 0.0733 0.0967 0.3744 -0.2911 0.7244 -0.0011
 105 D  -0.2367 -0.4633 -0.3122 -0.8522 -1.0000 -0.1722 -0.7056
 106 R  0.1167 0.4144 0.5178 -1.0000 1.0000 0.5867 -0.4122
 107 D  -0.2367 -0.4633 -0.3122 -0.8522 -1.0000 -0.1722 -0.7056
 108 A  -0.3889 -0.7556 -0.7522 -0.1900 -0.1889 1.0000 -0.5289
 109 L  0.2367 -0.0733 -0.0100 0.6622 -0.2067 0.7933 -0.0589
 110 R  0.1167 0.4144 0.5178 -1.0000 1.0000 0.5867 -0.4122
 111 S  -0.3744 -0.7078 -0.6044 -0.4044 -0.2944 -0.5178 -0.2356
 112 W  0.5322 1.0000 1.0000 1.0000 -0.2322 0.3100 0.5878
 113 I  1.0000 -0.0733 -0.0100 0.7244 -0.2067 0.1722 0.7644
 114 A  -0.3889 -0.7556 -0.7522 -0.1900 -0.1889 1.0000 -0.5289
 115 D  -0.2367 -0.4633 -0.3122 -0.8522 -1.0000 -0.1722 -0.7056
 116 R  0.1167 0.4144 0.5178 -1.0000 1.0000 0.5867 -0.4122
 117 P  0.2744 -1.0000 -0.3267 0.0611 -0.0111 -1.0000 0.1178
 118 E  -0.2556 -0.2678 -0.0644 -0.7733 -0.9644 1.0000 -0.6467
 119 I  1.0000 -0.0733 -0.0100 0.7244 -0.2067 0.1722 0.7644
 120 S  -0.3744 -0.7078 -0.6044 -0.4044 -0.2944 -0.5178 -0.2356
 121 E  -0.2556 -0.2678 -0.0644 -0.7733 -0.9644 1.0000 -0.6467
 122 Q  -0.2556 -0.1222 -0.0222 -0.5156 -0.3067 0.5867 -0.4122
 123 L  0.2367 -0.0733 -0.0100 0.6622 -0.2067 0.7933 -0.0589
 124 L  0.2367 -0.0733 -0.0100 0.6622 -0.2067 0.7933 -0.0589
 125 R  0.1167 0.4144 0.5178 -1.0000 1.0000 0.5867 -0.4122
 126 V  0.7522 -0.3167 -0.2578 0.3678 -0.2122 -0.0344 1.0000
 127 L  0.2367 -0.0733 -0.0100 0.6622 -0.2067 0.7933 -0.0589
 128 A  -0.3889 -0.7556 -0.7522 -0.1900 -0.1889 1.0000 -0.5289
 129 R  0.1167 0.4144 0.5178 -1.0000 1.0000 0.5867 -0.4122
 130 R  0.1167 0.4144 0.5178 -1.0000 1.0000 0.5867 -0.4122
 131 L  0.2367 -0.0733 -0.0100 0.6622 -0.2067 0.7933 -0.0589
 132 R  0.1167 0.4144 0.5178 -1.0000 1.0000 0.5867 -0.4122
 133 R  0.1167 0.4144 0.5178 -1.0000 1.0000 0.5867 -0.4122
 134 T  0.4467 -0.4633 -0.3567 -0.2211 -0.3200 -0.4478 0.2356
 135 N  -0.2367 -0.3656 -0.2700 -0.7489 -0.0833 -0.4478 -0.5878
 136 N  -0.2367 -0.3656 -0.2700 -0.7489 -0.0833 -0.4478 -0.5878
 137 N  -0.2367 -0.3656 -0.2700 -0.7489 -0.0833 -0.4478 -0.5878
 138 L  0.2367 -0.0733 -0.0100 0.6622 -0.2067 0.7933 -0.0589
 139 A  -0.3889 -0.7556 -0.7522 -0.1900 -0.1889 1.0000 -0.5289
 140 D  -0.2367 -0.4633 -0.3122 -0.8522 -1.0000 -0.1722 -0.7056
 141 L  0.2367 -0.0733 -0.0100 0.6622 -0.2067 0.7933 -0.0589
 142 I  1.0000 -0.0733 -0.0100 0.7244 -0.2067 0.1722 0.7644
 143 F  0.4033 0.4144 0.4578 0.7178 -0.3022 0.1722 0.3533
 144 T  0.4467 -0.4633 -0.3567 -0.2211 -0.3200 -0.4478 0.2356
 145 D  -0.2367 -0.4633 -0.3122 -0.8522 -1.0000 -0.1722 -0.7056
 146 V  0.7522 -0.3167 -0.2578 0.3678 -0.2122 -0.0344 1.0000
 147 P  0.2744 -1.0000 -0.3267 0.0611 -0.0111 -1.0000 0.1178
 148 G  -1.0000 -1.0000 -1.0000 -0.3800 -0.1989 -1.0000 -1.0000
 149 R  0.1167 0.4144 0.5178 -1.0000 1.0000 0.5867 -0.4122
 150 V  0.7522 -0.3167 -0.2578 0.3678 -0.2122 -0.0344 1.0000
 151 A  -0.3889 -0.7556 -0.7522 -0.1900 -0.1889 1.0000 -0.5289
 152 K  -0.0978 0.0733 0.1811 -0.9878 0.8078 0.3100 -0.2944
 153 Q  -0.2556 -0.1222 -0.0222 -0.5156 -0.3067 0.5867 -0.4122
 154 L  0.2367 -0.0733 -0.0100 0.6622 -0.2067 0.7933 -0.0589
 155 L  0.2367 -0.0733 -0.0100 0.6622 -0.2067 0.7933 -0.0589
 156 Q  -0.2556 -0.1222 -0.0222 -0.5156 -0.3067 0.5867 -0.4122
 157 L  0.2367 -0.0733 -0.0100 0.6622 -0.2067 0.7933 -0.0589
 158 A  -0.3889 -0.7556 -0.7522 -0.1900 -0.1889 1.0000 -0.5289
 159 Q  -0.2556 -0.1222 -0.0222 -0.5156 -0.3067 0.5867 -0.4122
 160 R  0.1167 0.4144 0.5178 -1.0000 1.0000 0.5867 -0.4122
 161 F  0.4033 0.4144 0.4578 0.7178 -0.3022 0.1722 0.3533
 162 G  -1.0000 -1.0000 -1.0000 -0.3800 -0.1989 -1.0000 -1.0000
 163 T  0.4467 -0.4633 -0.3567 -0.2211 -0.3200 -0.4478 0.2356
 164 Q  -0.2556 -0.1222 -0.0222 -0.5156 -0.3067 0.5867 -0.4122
 165 E  -0.2556 -0.2678 -0.0644 -0.7733 -0.9644 1.0000 -0.6467
 166 G  -1.0000 -1.0000 -1.0000 -0.3800 -0.1989 -1.0000 -1.0000
 167 G  -1.0000 -1.0000 -1.0000 -0.3800 -0.1989 -1.0000 -1.0000
 168 A  -0.3889 -0.7556 -0.7522 -0.1900 -0.1889 1.0000 -0.5289
 169 L  0.2367 -0.0733 -0.0100 0.6622 -0.2067 0.7933 -0.0589
 170 R  0.1167 0.4144 0.5178 -1.0000 1.0000 0.5867 -0.4122
 171 V  0.7522 -0.3167 -0.2578 0.3678 -0.2122 -0.0344 1.0000
 172 T  0.4467 -0.4633 -0.3567 -0.2211 -0.3200 -0.4478 0.2356
 173 H  0.4267 0.1222 0.1533 -0.3011 0.2167 -0.0344 -0.1178
 174 D  -0.2367 -0.4633 -0.3122 -0.8522 -1.0000 -0.1722 -0.7056
 175 L  0.2367 -0.0733 -0.0100 0.6622 -0.2067 0.7933 -0.0589
 176 T  0.4467 -0.4633 -0.3567 -0.2211 -0.3200 -0.4478 0.2356
 177 Q  -0.2556 -0.1222 -0.0222 -0.5156 -0.3067 0.5867 -0.4122
 178 E  -0.2556 -0.2678 -0.0644 -0.7733 -0.9644 1.0000 -0.6467
 179 E  -0.2556 -0.2678 -0.0644 -0.7733 -0.9644 1.0000 -0.6467
 180 I  1.0000 -0.0733 -0.0100 0.7244 -0.2067 0.1722 0.7644
 181 A  -0.3889 -0.7556 -0.7522 -0.1900 -0.1889 1.0000 -0.5289
 182 Q  -0.2556 -0.1222 -0.0222 -0.5156 -0.3067 0.5867 -0.4122
 183 L  0.2367 -0.0733 -0.0100 0.6622 -0.2067 0.7933 -0.0589
 184 V  0.7522 -0.3167 -0.2578 0.3678 -0.2122 -0.0344 1.0000
 185 G  -1.0000 -1.0000 -1.0000 -0.3800 -0.1989 -1.0000 -1.0000
 186 A  -0.3889 -0.7556 -0.7522 -0.1900 -0.1889 1.0000 -0.5289
 187 S  -0.3744 -0.7078 -0.6044 -0.4044 -0.2944 -0.5178 -0.2356
 188 R  0.1167 0.4144 0.5178 -1.0000 1.0000 0.5867 -0.4122
 189 E  -0.2556 -0.2678 -0.0644 -0.7733 -0.9644 1.0000 -0.6467
 190 T  0.4467 -0.4633 -0.3567 -0.2211 -0.3200 -0.4478 0.2356
 191 V  0.7522 -0.3167 -0.2578 0.3678 -0.2122 -0.0344 1.0000
 192 N  -0.2367 -0.3656 -0.2700 -0.7489 -0.0833 -0.4478 -0.5878
 193 K  -0.0978 0.0733 0.1811 -0.9878 0.8078 0.3100 -0.2944
 194 A  -0.3889 -0.7556 -0.7522 -0.1900 -0.1889 1.0000 -0.5289
 195 L  0.2367 -0.0733 -0.0100 0.6622 -0.2067 0.7933 -0.0589
 196 A  -0.3889 -0.7556 -0.7522 -0.1900 -0.1889 1.0000 -0.5289
 197 D  -0.2367 -0.4633 -0.3122 -0.8522 -1.0000 -0.1722 -0.7056
 198 F  0.4033 0.4144 0.4578 0.7178 -0.3022 0.1722 0.3533
 199 A  -0.3889 -0.7556 -0.7522 -0.1900 -0.1889 1.0000 -0.5289
 200 H  0.4267 0.1222 0.1533 -0.3011 0.2167 -0.0344 -0.1178
 201 R  0.1167 0.4144 0.5178 -1.0000 1.0000 0.5867 -0.4122
 202 G  -1.0000 -1.0000 -1.0000 -0.3800 -0.1989 -1.0000 -1.0000
 203 W  0.5322 1.0000 1.0000 1.0000 -0.2322 0.3100 0.5878
 204 I  1.0000 -0.0733 -0.0100 0.7244 -0.2067 0.1722 0.7644
 205 R  0.1167 0.4144 0.5178 -1.0000 1.0000 0.5867 -0.4122
 206 L  0.2367 -0.0733 -0.0100 0.6622 -0.2067 0.7933 -0.0589
 207 E  -0.2556 -0.2678 -0.0644 -0.7733 -0.9644 1.0000 -0.6467
 208 G  -1.0000 -1.0000 -1.0000 -0.3800 -0.1989 -1.0000 -1.0000
 209 K  -0.0978 0.0733 0.1811 -0.9878 0.8078 0.3100 -0.2944
 210 S  -0.3744 -0.7078 -0.6044 -0.4044 -0.2944 -0.5178 -0.2356
 211 V  0.7522 -0.3167 -0.2578 0.3678 -0.2122 -0.0344 1.0000
 212 L  0.2367 -0.0733 -0.0100 0.6622 -0.2067 0.7933 -0.0589
 213 I  1.0000 -0.0733 -0.0100 0.7244 -0.2067 0.1722 0.7644
 214 S  -0.3744 -0.7078 -0.6044 -0.4044 -0.2944 -0.5178 -0.2356
 215 D  -0.2367 -0.4633 -0.3122 -0.8522 -1.0000 -0.1722 -0.7056
 216 S  -0.3744 -0.7078 -0.6044 -0.4044 -0.2944 -0.5178 -0.2356
 217 E  -0.2556 -0.2678 -0.0644 -0.7733 -0.9644 1.0000 -0.6467
 218 R  0.1167 0.4144 0.5178 -1.0000 1.0000 0.5867 -0.4122
 219 L  0.2367 -0.0733 -0.0100 0.6622 -0.2067 0.7933 -0.0589
 220 A  -0.3889 -0.7556 -0.7522 -0.1900 -0.1889 1.0000 -0.5289
 221 R  0.1167 0.4144 0.5178 -1.0000 1.0000 0.5867 -0.4122
 222 R  0.1167 0.4144 0.5178 -1.0000 1.0000 0.5867 -0.4122
 223 A  -0.3889 -0.7556 -0.7522 -0.1900 -0.1889 1.0000 -0.5289
 224 R  0.1167 0.4144 0.5178 -1.0000 1.0000 0.5867 -0.4122
 225 -  1.0000 1.0000 1.0000 1.0000 1.0000 1.0000 1.0000
